[[0.0, 0.1409014116401703, 0.1152800545540428, 0.13506240558578858, 0.08793537683106548, 0.11774971272790707, 0.03661661312586128, 0.06626274482920344, 0.1099663556980864, 0.07110293683883977, 0.13027175254471354, 0.1905299560441365, 0.10658865529022064, 0.1390982293471559, 0.15543918816013272, 0.16428059095241251, 0.15629780817548564, 0.2081243933343662, 0.015934455073934307, 0.05002728908770293, 0.12016304341406864, 0.21032437600313106, 0.16423889821694332, 0.2536681736440598, 0.20695740017343933, 0.2812436573930866, 0.10620290401062148, 0.0762862780951143, 0.011879992002350768, 0.022386962323342252, 0.06933415189192903, 0.08563841017042348, 0.10436511259322481, 0.07402877607916764, 0.08589976101713616, 0.07945100104413956, 0.1546776825217237, 0.1348612982425516, 0.045808829805308766, 0.06256627096495826, 0.0838300211474041, 0.11094082689263185, 0.10048866330287898, 0.050388942556524124, 0.06925716244407874, 0.0790339938243583, 0.07918484062502774, 0.11520803167824337, 0.09891567422093758, 0.13243342030595567, 0.12910257908653353, 0.12641786324510745, 0.04024657040510439, 0.0959917253666463, 0.07601307394060079, 0.04887247741371806, 0.0929065280572535, 0.09094234727946741, 0.10349927531571589, 0.08969973054420684, 0.07014661651767516, 0.058569494889104186, 0.1331938553026667, 0.08806956103902153, 0.07923634903635075, 0.06567072463408254, 0.07396314783646131, 0.3029420654558367, 0.22978673732758542, 0.14185060959239384, 0.1385344974432118, 0.15676925272252604, 0.13431712501895923, 0.21599510462041527, 0.19020470515895996, 0.15101310309448182, 0.14402229238067318, 0.04288387008411427, 0.1575257753942261, 0.11912738857774424, 0.10980962403011668, 0.023664621904216164, 0.14474619994586205, 0.18310694088532276, 0.22633206507053025, 0.16839229851409893, 0.22161535702943225, 0.13407896605475758, 0.22285454821613407, 0.23568996757827723, 0.16313862946554483, 0.10178069834921608, 0.11797143452237455, 0.11981451310831523, 0.06446657751529564, 0.16336202325032947, 0.10905193615757702, 0.04512132711696723, 0.12874639671530735, 0.031979123395485455], [0.1409014116401703, 0.0, 0.08677579488946133, 0.00803787626861667, 0.08797844968321074, 0.028167218625512996, 0.10491161108958814, 0.08162899360870252, 0.03124793718811136, 0.07677224325764732, 0.011074186874289809, 0.2892201668029717, 0.23212777003965093, 0.03949094504660725, 0.038491771764845605, 0.04060813210302954, 0.016245382647353045, 0.2573823983340723, 0.12508765222547288, 0.09773639223482977, 0.10089892237730581, 0.2866314005714951, 0.11221106529731122, 0.21608781615330958, 0.254048588100168, 0.22059161321604007, 0.17633704838027853, 0.08721678250974145, 0.15081580623008606, 0.14499399418304357, 0.09858958011403901, 0.056298306352448584, 0.13887021360047952, 0.10936774914070647, 0.06446672608282653, 0.10212349139108738, 0.08387968650551626, 0.05219816213270224, 0.1857805789560764, 0.19207782970662104, 0.10633564713593152, 0.06215017692284071, 0.04182490681289145, 0.10876712682130216, 0.07914360888103594, 0.1266599960202508, 0.0714662036629209, 0.09998661202366313, 0.07353175649823072, 0.032994750265021404, 0.015864556140883338, 0.02926107767959711, 0.154306339598117, 0.11885191012691443, 0.06970221842773257, 0.10055013393113818, 0.06790524241049756, 0.051118154157119136, 0.08141601449277332, 0.1233272439998788, 0.07100405268271895, 0.13192360565189148, 0.09155512867044582, 0.053111622594432216, 0.0618521268474403, 0.07574274763259689, 0.0694554258008512, 0.24417389525911284, 0.2920256331546987, 0.20176880176511403, 0.05505945312998593, 0.05320016129990776, 0.08294207022426765, 0.2610735611102929, 0.11345459059662354, 0.05946206889919735, 0.1970103866387319, 0.16476908205662363, 0.01676383243215262, 0.18033755237116567, 0.15553441562696185, 0.1268303328177332, 0.04502349997316458, 0.17804944791152644, 0.16256625539001024, 0.0312071478907985, 0.168253304685156, 0.06433496382616624, 0.15731448564762615, 0.17720703521123402, 0.10743579584191536, 0.09017984346356984, 0.19002071235010232, 0.20004777973716228, 0.14037135601084175, 0.22421569651703657, 0.21658063902204436, 0.12053805923625646, 0.18367339745638386, 0.16777902117774657], [0.1152800545540428, 0.08677579488946133, 0.0, 0.07894860956328176, 0.02742245342665012, 0.06196989419174714, 0.08504999886828, 0.09750389161455589, 0.06966127960282383, 0.05384993151523651, 0.07850128078975808, 0.3008931545185156, 0.22179084172282543, 0.05341461508648228, 0.12363459843933476, 0.1272033240608911, 0.10049151311834752, 0.1706247159048525, 0.10200375599913779, 0.06755401493563766, 0.014471462000165917, 0.20191746977651656, 0.050050675432049045, 0.1510498316247104, 0.16727454423496133, 0.17064113783753157, 0.09737493258469028, 0.03989094708956992, 0.11935266612034842, 0.10518999798868033, 0.12163981106600875, 0.0794839963384472, 0.17441581845010445, 0.13491740142027767, 0.09727854282839864, 0.1321617646149421, 0.15911124514602745, 0.04038137578359559, 0.14831326690758231, 0.1405226549162914, 0.13860527068206946, 0.11845535794438299, 0.08053100723333916, 0.11744012127176577, 0.097575808560277, 0.15182251353232934, 0.09888597409839632, 0.1520193044116753, 0.11991213948712423, 0.05527999301130186, 0.08944421234990486, 0.100539369314131, 0.14833266596457303, 0.1556102375330418, 0.09110105401100665, 0.10551769281269323, 0.10922635766884688, 0.07960042143571364, 0.013194181225713959, 0.15541150390048647, 0.07795100225297517, 0.14383646151967275, 0.15507873161839011, 0.06667494181433378, 0.07543567780199484, 0.08102473179491591, 0.08621377179494474, 0.3249454255563836, 0.3258822102368148, 0.23238038837546066, 0.040819622636046014, 0.059560205736938855, 0.1491452079585785, 0.30270768959055466, 0.1939700477404512, 0.13887663647064902, 0.23084342772610547, 0.155161590408312, 0.09564873010793716, 0.20827052171959878, 0.18827934751390607, 0.09221951868054672, 0.12488350021530917, 0.23748541953058933, 0.24214614205630125, 0.11603284631998585, 0.24502020263117238, 0.030436182858568837, 0.10913068534267914, 0.12416471657583038, 0.048261776835089025, 0.013876529239499665, 0.10965543541788049, 0.12105175565740268, 0.07606421499850725, 0.13889287808945572, 0.1466583781625126, 0.07320870704830004, 0.09959240477695291, 0.1277760369103633], [0.13506240558578858, 0.00803787626861667, 0.07894860956328176, 0.0, 0.07998143096247286, 0.020333683774262944, 0.09880368557900096, 0.07768844912285104, 0.02510233188805083, 0.06958996386677825, 0.005301522513767825, 0.2874827052168141, 0.22819148723154078, 0.03342679931923637, 0.045468765807632115, 0.04827606371080584, 0.023865120252861326, 0.24951324556723958, 0.11918003449502917, 0.09085718682187822, 0.09313738188946795, 0.2785988619128491, 0.10597100656896914, 0.21054784773336202, 0.24619915015193986, 0.21638230111038828, 0.1683344134262957, 0.07944060295992883, 0.14472291833121723, 0.13835800254857, 0.0960331298082972, 0.051598462237994594, 0.13855227008784068, 0.10737246124838028, 0.06163781218664921, 0.10046520652714049, 0.08874260868025156, 0.04544435204356509, 0.1796074494549651, 0.18513984379621243, 0.10504727894605183, 0.06289443849273324, 0.037771067964606525, 0.10501885499733189, 0.07536343879629154, 0.1249739527809691, 0.06834454887938483, 0.10117579314414905, 0.07312392709424294, 0.026029964982861656, 0.016760041471805737, 0.03131314775747821, 0.15008772590174507, 0.11836574424091391, 0.0657608286591431, 0.09623527721372534, 0.06648222916678068, 0.04660920572086077, 0.0734032861514197, 0.1223634729621438, 0.06563863341140212, 0.1289670313751737, 0.09438463165760808, 0.047002717229604356, 0.05652265062382573, 0.070486292936879, 0.06498114592920086, 0.25060466570986056, 0.29252706337003886, 0.20149935560001284, 0.04859997693059076, 0.04903116070747898, 0.08608005341094421, 0.262322858281002, 0.11959114249160564, 0.06494879063153558, 0.19706083735704202, 0.16037758807604, 0.02277065312565718, 0.17961489696078445, 0.15509813259696328, 0.12026016227793644, 0.05037963651774961, 0.1811139031129626, 0.16866799704142074, 0.039123991682114535, 0.17387667169080806, 0.05738796243413267, 0.1527614105612746, 0.1724497725379473, 0.10128166998692116, 0.08216144867326439, 0.18200339782005745, 0.19205762234562887, 0.13265432663685, 0.21620119712979768, 0.20887810794428446, 0.11327314016326653, 0.17564101651267883, 0.1613296732279082], [0.08793537683106548, 0.08797844968321074, 0.02742245342665012, 0.07998143096247286, 0.0, 0.05999867548958803, 0.058040740336397285, 0.07542117573232324, 0.06273844969947123, 0.030383884973540404, 0.07775073964356123, 0.2738833889778738, 0.1943937936226103, 0.06465376501762846, 0.12062151956481337, 0.12604212412876037, 0.10361334684228232, 0.17520425282572413, 0.07458581104537307, 0.04038205426764044, 0.03513753671240318, 0.19975573659708395, 0.0771715225174647, 0.17490066755373113, 0.17235378038301338, 0.19698046401556107, 0.08836048988368214, 0.012955655019962797, 0.09238924040047984, 0.07888975599319169, 0.098884949970345, 0.06279892040019393, 0.15172238124632426, 0.11186474236198589, 0.07943928811776844, 0.11014641021625808, 0.14851964555622824, 0.05497179136543401, 0.12247479413891141, 0.11750853460534456, 0.1166844902131138, 0.10422743405477618, 0.06850234994678285, 0.09241125695775117, 0.07606890369792525, 0.127982466015938, 0.07938676338989131, 0.13401758933507016, 0.10274360992802534, 0.06239147017627248, 0.08567886493892961, 0.09357589476256395, 0.1211135743027296, 0.1338156834508639, 0.0712901275141237, 0.08058836331457309, 0.09191679951527848, 0.06455606987086492, 0.015896333024705462, 0.1326907385713444, 0.05685409747893554, 0.1182715188818547, 0.1402922749977965, 0.051440398197395466, 0.05693744183609455, 0.058871766493996405, 0.06607041384180926, 0.3143497031474252, 0.3009668620915811, 0.20774814839366038, 0.05737869810327108, 0.07719561492518028, 0.1355776021079433, 0.2792001870957913, 0.18498214654849407, 0.13131118162292105, 0.20673177251421496, 0.1277844249600968, 0.10060762289770797, 0.18356599090983702, 0.164716614785787, 0.06506474471036607, 0.11845632475349009, 0.21891842181190202, 0.23165297345220112, 0.11907364789819308, 0.23289924722078056, 0.049784739650985954, 0.13623691717186204, 0.15065198691089837, 0.07561616266135018, 0.014635964108207637, 0.10209824338935862, 0.11207823664837767, 0.05604105465934924, 0.13833456963380006, 0.13119675329731978, 0.047062187809696454, 0.09715991495880989, 0.10199298653815779], [0.11774971272790707, 0.028167218625512996, 0.06196989419174714, 0.020333683774262944, 0.05999867548958803, 0.0, 0.08116555874781708, 0.065814191871403, 0.01278803300046847, 0.049970273510258005, 0.01775794791495332, 0.2788467300225676, 0.21464062613764234, 0.029398695401967472, 0.06201368942636071, 0.0665032570401532, 0.044198792053288444, 0.23161915455277945, 0.10181594373536165, 0.07167947885737765, 0.07642352752035875, 0.2592665719156485, 0.0959944707250966, 0.20196458793553737, 0.22842884328503826, 0.21189173440172443, 0.14833678455860336, 0.059106959594898346, 0.1268429744565174, 0.1194533765857144, 0.08712914625256175, 0.03909400145959577, 0.13441693933047538, 0.09960130022686059, 0.053559408993766905, 0.09371892270233773, 0.09878884603165328, 0.03619016340663981, 0.16146835648664992, 0.16565298698612568, 0.09911752246713687, 0.06393895431808995, 0.029051086275999824, 0.09290840974540925, 0.06399881684151296, 0.11762922817051294, 0.05905808228398722, 0.10161831715153734, 0.07063043375495051, 0.02004698326333647, 0.027476339163080586, 0.03929295684447593, 0.13629364426948679, 0.11415838658411082, 0.054417101070090436, 0.08289394760307216, 0.061781099850473226, 0.03515956553953641, 0.05474818245805186, 0.11687532266100577, 0.050460140933334896, 0.11841458415884737, 0.0991555366498419, 0.03066592539215605, 0.0418650707409859, 0.055424131592950746, 0.05223461007791119, 0.263719938637775, 0.2893661221426677, 0.1968471746541748, 0.040356283130443316, 0.04901007858452708, 0.09188240753352078, 0.2611705061401137, 0.13250303269286315, 0.07726005372702652, 0.19323971989762428, 0.14611250934599637, 0.04250835862935793, 0.17400417576297827, 0.15044738899691235, 0.10153648866789677, 0.06305882294334274, 0.18515026649583086, 0.18109996619924681, 0.05937428236094366, 0.1849045884029236, 0.046133405705732655, 0.14775198921886892, 0.16661492582367943, 0.09172475695366258, 0.0633523971767818, 0.1620966135167237, 0.17199771944874337, 0.1123282614751864, 0.19718072603508166, 0.18855367764397635, 0.09338637479716598, 0.1563614825263825, 0.14271148028747468], [0.03661661312586128, 0.10491161108958814, 0.08504999886828, 0.09880368557900096, 0.058040740336397285, 0.08116555874781708, 0.0, 0.038480084162463714, 0.07377107978754732, 0.035451550152248226, 0.09412884355754413, 0.21587282588110088, 0.13903940565572445, 0.1028572571490508, 0.12256370475015549, 0.13095257391081913, 0.12057966468536897, 0.20742987330147225, 0.02070893287516648, 0.0177424902042979, 0.09279901707202949, 0.21881872808321737, 0.13507376098071297, 0.231413004763521, 0.20552626495128173, 0.25496257906810793, 0.10665005995609711, 0.045209933744723534, 0.04592352077914, 0.04188673670655283, 0.053241641876328676, 0.05108678469347367, 0.10203446773389592, 0.0636504995957172, 0.0556854357254672, 0.06537156037326144, 0.1296430991384836, 0.09943562708467378, 0.08086916096860998, 0.0902051639538712, 0.07145731262569838, 0.08328795845610629, 0.0656411274084814, 0.03952058864001326, 0.0411140259180526, 0.0763382660328934, 0.05028590514936933, 0.09808363563334811, 0.07400860019608665, 0.09595667838224918, 0.0939186258984591, 0.09288040682522343, 0.06339254971189137, 0.08748020268191775, 0.04477701308162592, 0.02976539960274951, 0.06550519799374717, 0.05627666772133263, 0.07227152862966568, 0.0838680940308513, 0.03531850308987382, 0.06244589139950947, 0.11207103718595901, 0.05183525592946229, 0.044023282578386884, 0.03154165194145399, 0.04131915784731907, 0.28734517514193814, 0.24495826455452185, 0.15264903294580137, 0.10329661001377129, 0.12095425824478408, 0.11099716685254188, 0.22567984585532894, 0.1666068918796302, 0.12165369470911105, 0.1526444997815207, 0.07088808144935409, 0.12140949408604501, 0.12855480020948762, 0.11249724380278966, 0.02410352766050739, 0.11342659016212164, 0.17674920481452114, 0.20734394319692256, 0.13328615891568954, 0.20489100600506846, 0.09983676558167034, 0.19416363429505704, 0.20867810697971048, 0.1332651565162605, 0.07265627261428848, 0.1203669781103, 0.12575170647531478, 0.06052507089562868, 0.16459224764600208, 0.12656708742386144, 0.032560753837146066, 0.12542441112599498, 0.06332470402049448], [0.06626274482920344, 0.08162899360870252, 0.09750389161455589, 0.07768844912285104, 0.07542117573232324, 0.065814191871403, 0.038480084162463714, 0.0, 0.054269352237279966, 0.045039630264520555, 0.07242072734280239, 0.21343920143543238, 0.15055135692070254, 0.09383824199810734, 0.08977855028246128, 0.09888152136433244, 0.09532137041044154, 0.24156027326434576, 0.05246148760154785, 0.04647259590477418, 0.10918876185391829, 0.25607328335565177, 0.14540483841595958, 0.24854836093624205, 0.23933766090012873, 0.2663271017646166, 0.14281629832448145, 0.06370262585412582, 0.07779666991622375, 0.07862764830946022, 0.024233498303439693, 0.026771690113269596, 0.07691424502603993, 0.0375835457838641, 0.019833147748877955, 0.03480602664875579, 0.09127339197438894, 0.09574222079351159, 0.111902978864622, 0.1264229493977781, 0.04132228257832641, 0.04541852809919189, 0.03994798437287598, 0.027369826400457667, 0.002996536368054082, 0.0550888796910541, 0.01292226733251539, 0.06174165966792145, 0.035533799312809394, 0.08501125220865303, 0.0674276639248468, 0.061759353400643466, 0.07270870331769082, 0.058442780788961264, 0.011940795468285173, 0.01935391288110072, 0.02735959479892375, 0.03127408198660333, 0.08453182191332427, 0.0579087020681391, 0.019680307302760654, 0.052664289805706414, 0.07390529983391773, 0.03692716194646755, 0.025137350307234047, 0.01660998343795041, 0.013697276297278526, 0.24981641954927877, 0.22959994015995305, 0.13602870987452534, 0.10012709049285316, 0.11360239987776645, 0.07253077563244802, 0.20526294015153054, 0.12814694894071682, 0.08496760921849747, 0.13385709028277046, 0.08328768661614405, 0.09825553640945793, 0.11221733531837097, 0.09100150705920725, 0.061959521155383494, 0.07853244292924405, 0.1445636234210549, 0.16919961378340795, 0.1054145172336069, 0.16729993282732059, 0.10080238058421101, 0.20300878795183727, 0.21987205644827448, 0.14240612900020294, 0.08874186039388991, 0.15684006974470216, 0.16306535735290073, 0.09714835686151464, 0.20000650895767783, 0.16502318621570902, 0.06936427680820738, 0.1597132989305458, 0.09735107026263257], [0.1099663556980864, 0.03124793718811136, 0.06966127960282383, 0.02510233188805083, 0.06273844969947123, 0.01278803300046847, 0.07377107978754732, 0.054269352237279966, 0.0, 0.04628950948568158, 0.020360530865370083, 0.26667067498688235, 0.20415556944311183, 0.042182105464898006, 0.0580480248243781, 0.06411139008878246, 0.04724052785823002, 0.23704128720788054, 0.09409233029267809, 0.06667785028966475, 0.08407223806373837, 0.26241258736278394, 0.10725166028099002, 0.21331590309798407, 0.23400816440489952, 0.22421472303869355, 0.15004948248154207, 0.05915434838721803, 0.11969419385462494, 0.1137629544877847, 0.07479963808445192, 0.02754937683498097, 0.12163480436770185, 0.08709693422911954, 0.04092932344182488, 0.08106574354572124, 0.08949033863723954, 0.04844418595450394, 0.1546200747317718, 0.1609953287740206, 0.08639810464838057, 0.051926043141000335, 0.016282601750261815, 0.0815854232245547, 0.05224764906567508, 0.10509305379678943, 0.04667557250853894, 0.08919636808852176, 0.057957405991156986, 0.032817248132962426, 0.023468841676131807, 0.031290710561253925, 0.12586651244208852, 0.10137312592367996, 0.042582080676125296, 0.07210692089478106, 0.04899887664196282, 0.02309827867185158, 0.06061540130275569, 0.10414290242442084, 0.04068813223926619, 0.10659953313370377, 0.0877563762908297, 0.021936706789993213, 0.031644537313620935, 0.04558719206923972, 0.04096826904599171, 0.2552954967862678, 0.2765805337392973, 0.18410123428742062, 0.05271312023958968, 0.06174164257572872, 0.08089058801029535, 0.2484304221051967, 0.12444676958083423, 0.06961844743556797, 0.1804601939092492, 0.13596219483758384, 0.047639301276154816, 0.16131780707220786, 0.1376871524261256, 0.0955887022008624, 0.05611641386773085, 0.1732229604736096, 0.17248685568870417, 0.061095415401445204, 0.17551541808234838, 0.0576103560867679, 0.16006425570463062, 0.17873990933619358, 0.10315093404956445, 0.06873229538444293, 0.1640608323651746, 0.17337904147524796, 0.11136770096823714, 0.20105235305353603, 0.18727318559369974, 0.09000857258414645, 0.1598981343281008, 0.13653396492691555], [0.07110293683883977, 0.07677224325764732, 0.05384993151523651, 0.06958996386677825, 0.030383884973540404, 0.049970273510258005, 0.035451550152248226, 0.045039630264520555, 0.04628950948568158, 0.0, 0.06570156625141702, 0.24872031815409873, 0.1743795778350314, 0.06810053928359093, 0.10254200927763228, 0.1095433981307232, 0.09300326353641429, 0.20130922292910644, 0.05559594086230123, 0.022091061003534154, 0.06453591663039425, 0.22127469210737316, 0.10333968541748915, 0.20434940731216794, 0.1987476992708035, 0.2243286208691464, 0.1074924013441684, 0.019225299199702377, 0.07880769846909456, 0.06984949043441928, 0.06864038438519064, 0.035539900969396146, 0.12152898399134035, 0.08173095628282696, 0.05046865162187617, 0.07978909778669357, 0.12295018789468036, 0.06400715902781408, 0.11268381096827677, 0.11568510366759607, 0.08632312371825332, 0.07698245445640736, 0.04534064274334577, 0.06361496585615396, 0.045706342680265764, 0.09822386801331937, 0.04954903787041434, 0.10429644701778093, 0.07368047892282516, 0.061905893388402945, 0.06934851561654957, 0.07322127884758688, 0.09777878408477172, 0.10345349749219795, 0.041445797353558134, 0.05169144844165064, 0.06296478690428957, 0.0387157416796161, 0.04065851878352749, 0.10248582109940298, 0.026733607748474875, 0.09013447293346556, 0.11206059141900437, 0.027349714096355393, 0.028523966271544153, 0.028492163950460985, 0.03617490023396356, 0.287570532028633, 0.2720456379606437, 0.1785751214511487, 0.06784669792951048, 0.08569940193193779, 0.10815038857849545, 0.24936393815182092, 0.16007086097902004, 0.10858192175915249, 0.17718945901359046, 0.10594090298989425, 0.09225822273058058, 0.15444675990016066, 0.13485070191325185, 0.05230658563216084, 0.09721355166627736, 0.188818080733681, 0.20529396540083336, 0.10730525288336373, 0.20552770302825663, 0.06463039956532281, 0.16208791051936752, 0.17781340226819173, 0.10093471252966932, 0.04391104609284664, 0.12171902959245647, 0.1300052288347589, 0.06589097007751582, 0.16195413248165505, 0.14126338185746146, 0.04378610995004269, 0.12076683523120887, 0.09335506534784092], [0.13027175254471354, 0.011074186874289809, 0.07850128078975808, 0.005301522513767825, 0.07775073964356123, 0.01775794791495332, 0.09412884355754413, 0.07242072734280239, 0.020360530865370083, 0.06570156625141702, 0.0, 0.2822455191112954, 0.22294134516093478, 0.03597426093839611, 0.04516790949332852, 0.048986834976211466, 0.027303631071082038, 0.24877492790171368, 0.11441585932732681, 0.08668258865477464, 0.09283879983761018, 0.2769678261404736, 0.10788809286177063, 0.21297951779502128, 0.245524369739032, 0.2197407615904754, 0.1660746044511325, 0.07645010901361231, 0.14005100391224062, 0.13400446079065909, 0.09074717661757964, 0.046419199345888465, 0.13358108478316452, 0.10212864458776387, 0.056346550189359974, 0.09526429962790245, 0.08620429172286251, 0.047089797603889975, 0.1749805791564811, 0.1810206648357994, 0.09989966622533926, 0.05834000165990209, 0.03248936536781461, 0.09974135923079604, 0.07008219394045236, 0.11976063136661377, 0.06304355077066987, 0.09668618281026443, 0.06819354091302576, 0.027754678679651004, 0.01321945023613276, 0.027644405613969948, 0.1448664581611212, 0.1133670794218784, 0.06048881465739593, 0.09101750821563807, 0.06134560351637031, 0.04139081986346105, 0.07214214342437313, 0.11726419752900846, 0.060642687585281574, 0.12366583749989764, 0.09061043519115884, 0.04229362884974339, 0.05150650107039683, 0.06546038277841901, 0.05977388985208145, 0.24921749661819756, 0.28772772407649794, 0.1965186977544617, 0.05054969318426935, 0.052734778522033544, 0.08248698766350337, 0.2577625256294671, 0.11802365983993758, 0.06300098009919318, 0.19215859621246756, 0.15518357331253083, 0.02728084211436196, 0.17454288678577673, 0.1500930574623276, 0.115859442985059, 0.048452595136441075, 0.17734822443883036, 0.16700304363037896, 0.04198407861676745, 0.17178052062124619, 0.05868462883646236, 0.15594934600020405, 0.175486321930336, 0.10329356044278395, 0.08082702917991369, 0.17984882542826092, 0.189715364983643, 0.1295120551897475, 0.21479103661261806, 0.20569551297140246, 0.1094722850928151, 0.1740413099950644, 0.15685676979591742], [0.1905299560441365, 0.2892201668029717, 0.3008931545185156, 0.2874827052168141, 0.2738833889778738, 0.2788467300225676, 0.21587282588110088, 0.21343920143543238, 0.26667067498688235, 0.24872031815409873, 0.2822455191112954, 0.0, 0.09527699954667877, 0.30727098238948425, 0.2788369184389191, 0.28795325550768736, 0.29903722724701176, 0.3814639410708393, 0.20061795976032232, 0.2335024789628294, 0.30830395608255823, 0.365502804352758, 0.35093611718351264, 0.44418627039599634, 0.3815141292632141, 0.4704993462483886, 0.28699841409531757, 0.26108272821724754, 0.19171266160317088, 0.2088681571357672, 0.19191019021178532, 0.23984733830128388, 0.15384857469418817, 0.18011970802539115, 0.22619854400317568, 0.18711445398835025, 0.2417229234224755, 0.3086245065147523, 0.18207418523901703, 0.21165997492844354, 0.18297636936887815, 0.22971427521568227, 0.2509011295309832, 0.18743099801619983, 0.2149999003183734, 0.1625737983991671, 0.2200261654535383, 0.19780358441082038, 0.21646887601862044, 0.29837457136567397, 0.27342696042644876, 0.2620230421840897, 0.15301175669343264, 0.17225253336450896, 0.22447771323618304, 0.19878996459010473, 0.22131607901612246, 0.24370724336112384, 0.2879997125990117, 0.16655967600164265, 0.23132864925444788, 0.16090531469117006, 0.2165480202035955, 0.2502606428385523, 0.23842303362286088, 0.22674244099482638, 0.22713578071662816, 0.29232155940954124, 0.08120273656705396, 0.09742837961691378, 0.31294334757623454, 0.32704153502792443, 0.22498202130400946, 0.1055454782108789, 0.25582378881352463, 0.2583503428039983, 0.10575297423114186, 0.14777810846466377, 0.3042973451264624, 0.11223135090779117, 0.1374780239652734, 0.21389609174331048, 0.2634506371968986, 0.17451299812229557, 0.2560206642686548, 0.30345585318214646, 0.24188177251963047, 0.3122053543108353, 0.41002308674246296, 0.42438813614544263, 0.3490303770800686, 0.2884658788773735, 0.29515809772048, 0.2920026932924816, 0.2528598667137858, 0.3371924158154245, 0.2621892615995998, 0.2355354931335364, 0.31107210627102594, 0.19612977598613676], [0.10658865529022064, 0.23212777003965093, 0.22179084172282543, 0.22819148723154078, 0.1943937936226103, 0.21464062613764234, 0.13903940565572445, 0.15055135692070254, 0.20415556944311183, 0.1743795778350314, 0.22294134516093478, 0.09527699954667877, 0.0, 0.24005644882258276, 0.23368290136999548, 0.24324044047692348, 0.2452701873775325, 0.2863360435474909, 0.1200807420157826, 0.15524855576022958, 0.22664039674881908, 0.27073573240314763, 0.27081112001138713, 0.35682479315384763, 0.2864664064444634, 0.3867453206511789, 0.19368795720731782, 0.18242199386499636, 0.10429990733971217, 0.12080486840583007, 0.1358276462287528, 0.17673902449783835, 0.12390916048940924, 0.12856488256651388, 0.1681824925180115, 0.13694315015109396, 0.21124500439610044, 0.23807314115553557, 0.08809836666722436, 0.11672186453202975, 0.13588112098225055, 0.18228979597400566, 0.19049522997604865, 0.12336859132852111, 0.1529880787670431, 0.1161315474090184, 0.16095654783566518, 0.16288341052721278, 0.16775043875635973, 0.2322070863149144, 0.2175233701122247, 0.20966501645646046, 0.07834821199967332, 0.1338457607220821, 0.16249215215352977, 0.13206001579673085, 0.16819225897909174, 0.18160739469163506, 0.20978498868495826, 0.12570570553327617, 0.16419726124119197, 0.10244169689025448, 0.1846115486766206, 0.18404173499956056, 0.17283024230643182, 0.15923711238303778, 0.16329558301767622, 0.31500196513479656, 0.1594830985422718, 0.10595716525674481, 0.24205951531564343, 0.2589758004723682, 0.19063246727248798, 0.1639328818133498, 0.2374958239659028, 0.21952310937690084, 0.11400821043349532, 0.06879988875829982, 0.2486674948441799, 0.09888403181923486, 0.11381910030531023, 0.13003832019634043, 0.21947941962311088, 0.18446527020702827, 0.2558829841289983, 0.2538283206089279, 0.24527413056378794, 0.23887520809764978, 0.32930639905029396, 0.34164845265385285, 0.26972540785231214, 0.20835514329200475, 0.20100365500067777, 0.1972474702707257, 0.16350625724914086, 0.24225994484427565, 0.16692486903092518, 0.1508142175208864, 0.21778629036023853, 0.10426575932754742], [0.1390982293471559, 0.03949094504660725, 0.05341461508648228, 0.03342679931923637, 0.06465376501762846, 0.029398695401967472, 0.1028572571490508, 0.09383824199810734, 0.042182105464898006, 0.06810053928359093, 0.03597426093839611, 0.30727098238948425, 0.24005644882258276, 0.0, 0.07792488571225763, 0.07911803900065618, 0.04971149179220016, 0.2223743168003913, 0.12341306221923518, 0.08993380284999253, 0.06619159676094938, 0.255277761619927, 0.07272505257279244, 0.17714193397811626, 0.21882699196932937, 0.18411987064030738, 0.1494968392906378, 0.06951336014079995, 0.1468743401967866, 0.13695221718391032, 0.116015127649463, 0.06754870291007943, 0.16381550188068147, 0.12869166974747875, 0.0828531886405347, 0.12299918159999579, 0.12206495017214665, 0.013762905347975233, 0.18038407219353594, 0.1801792459823367, 0.1284690265353155, 0.09213578339731168, 0.05844916667836654, 0.12036786840950284, 0.09229198277212926, 0.14674368564171453, 0.08809666205173171, 0.1302681364610675, 0.09978407673458355, 0.009390797333554865, 0.049191068729499056, 0.06348648478149964, 0.1619893417532979, 0.14355522956471337, 0.08290663775563409, 0.10968955561621963, 0.09114506291137557, 0.06409875846606226, 0.05271249275414194, 0.14623740017827663, 0.07673312640123611, 0.14646524748184797, 0.12604552194061258, 0.0571910314856694, 0.06899433565649399, 0.08158194251820802, 0.080141073890624, 0.28366403878824675, 0.318762529633099, 0.22621849196848492, 0.015768773891956443, 0.019807901060376505, 0.11816361438673176, 0.29038944517137105, 0.15285556302604789, 0.0983718353516075, 0.22263829744706867, 0.17125981254071246, 0.04366707434678637, 0.2033027347058371, 0.1798343653414316, 0.12003568116449519, 0.08380513083484739, 0.21264957035268173, 0.20195950906238777, 0.0646261562613027, 0.2073013200130486, 0.025990457542080337, 0.12017144018029417, 0.13958101301960207, 0.06796930874852085, 0.06110411614492303, 0.16232137478364697, 0.17335491632165737, 0.1206741473036289, 0.19218943829018567, 0.19558152725861067, 0.10747788968648031, 0.15299170095303433, 0.16062857723865628], [0.15543918816013272, 0.038491771764845605, 0.12363459843933476, 0.045468765807632115, 0.12062151956481337, 0.06201368942636071, 0.12256370475015549, 0.08977855028246128, 0.0580480248243781, 0.10254200927763228, 0.04516790949332852, 0.2788369184389191, 0.23368290136999548, 0.07792488571225763, 0.0, 0.009559275116044753, 0.03213916214257347, 0.29363273404237167, 0.14062230569795509, 0.12043832641891097, 0.13799634982317863, 0.3203747309199828, 0.1505874170349705, 0.25373640663094393, 0.29043940892130643, 0.2560169767625908, 0.2080712213094231, 0.11705559577563639, 0.16659092108764234, 0.1644187197088289, 0.09820211362936754, 0.07173525905626027, 0.12503428817905637, 0.10533006934470632, 0.06994925686858713, 0.09703916589480525, 0.05043142801305118, 0.09067268444475794, 0.2012464983676333, 0.2126995357623335, 0.09910493651788574, 0.05149177121712191, 0.058087732959894105, 0.11350499179209654, 0.08681205452676, 0.1199742336660532, 0.0770790972302019, 0.08154718918240705, 0.06599915270544107, 0.07137689356341585, 0.034986797118731365, 0.02987616126950287, 0.15924165498382353, 0.10687814389409489, 0.07942809633621467, 0.1087902253953914, 0.06622095292907035, 0.06678056843640894, 0.11673888156281016, 0.11335136576664988, 0.08736978081199334, 0.13124743507294123, 0.0662926502922983, 0.07539364677833087, 0.07923459001691248, 0.09103603055165624, 0.08172670893635992, 0.20584280434580435, 0.2715414400066229, 0.18582263117776646, 0.09354507316054496, 0.08999725273254731, 0.05707177402241825, 0.23777607212147603, 0.0756617391015891, 0.025340744024747418, 0.1797229977836193, 0.17029833856927357, 0.03998829341487768, 0.16696242711327042, 0.14158428463171266, 0.14637043382028567, 0.015411282963691611, 0.14871682071108663, 0.1246812331002444, 0.026849442585942348, 0.13122635723973045, 0.10275979595163559, 0.19360985705921885, 0.2137760693605089, 0.14577132989339664, 0.12528773435531268, 0.22210087816296084, 0.2313289928397483, 0.16840644872106034, 0.25874358569423245, 0.24360759273083454, 0.14508063570303073, 0.2177037017014313, 0.1854153663145036], [0.16428059095241251, 0.04060813210302954, 0.1272033240608911, 0.04827606371080584, 0.12604212412876037, 0.0665032570401532, 0.13095257391081913, 0.09888152136433244, 0.06411139008878246, 0.1095433981307232, 0.048986834976211466, 0.28795325550768736, 0.24324044047692348, 0.07911803900065618, 0.009559275116044753, 0.0, 0.030465980234293425, 0.2976901925787612, 0.14932199113462863, 0.12810466346710675, 0.14141311528604855, 0.325678101588096, 0.15123965696283007, 0.25305849112657824, 0.2944071504800767, 0.2536544642269497, 0.2139956666454104, 0.12325888454010168, 0.17533660225841402, 0.17273455279955827, 0.10773103883044856, 0.07993515485532798, 0.13411105819165678, 0.11488600503439565, 0.07907739112892735, 0.10659124567620916, 0.05623981385046288, 0.0923640348290778, 0.21008616804457889, 0.22095171381033907, 0.10861709695140745, 0.06104604289543843, 0.06587738156689206, 0.12290413450533967, 0.09592968426342029, 0.12946810493854585, 0.08626433140514789, 0.09041078088845886, 0.07555697681948624, 0.07346018684727709, 0.04065249375629705, 0.03807527723756958, 0.16870471771431003, 0.11615892700922008, 0.08832258498154297, 0.11798348521924869, 0.07569204654190884, 0.07486186041284121, 0.12112509082058708, 0.12272690056062321, 0.09566322090894817, 0.14080372277686187, 0.07429662137224873, 0.08268990396976308, 0.08730361420537519, 0.0994903034387123, 0.0904090588887029, 0.20602723866198736, 0.27945313212272266, 0.1945210713233103, 0.0948809959887099, 0.08932658649397353, 0.06512618259206139, 0.24522049222841694, 0.07748991791442746, 0.032090860174513756, 0.1882720160840276, 0.17975093362274805, 0.038027050999144524, 0.17596589849272293, 0.1505986626372895, 0.15461682512614477, 0.024576478476829405, 0.15491277953797233, 0.1259931473135579, 0.020813636977097247, 0.13355472735621732, 0.10461754813778273, 0.19192878652129736, 0.21223055656521828, 0.1463336260601303, 0.12979570521578565, 0.22793286004573063, 0.23742206672649746, 0.17523769390884103, 0.26368283749544275, 0.2507942104087966, 0.15254532019811023, 0.22282263482163295, 0.19399808576924846], [0.15629780817548564, 0.016245382647353045, 0.10049151311834752, 0.023865120252861326, 0.10361334684228232, 0.044198792053288444, 0.12057966468536897, 0.09532137041044154, 0.04724052785823002, 0.09300326353641429, 0.027303631071082038, 0.29903722724701176, 0.2452701873775325, 0.04971149179220016, 0.03213916214257347, 0.030465980234293425, 0.0, 0.2709693101609858, 0.14056493055896857, 0.11387002145394304, 0.11427584390638826, 0.30146651252062373, 0.12106067444948232, 0.22260726713243614, 0.2675369999221175, 0.22393752443861598, 0.19190046281817633, 0.10330562945302313, 0.16641470238457878, 0.1609804018419975, 0.11038802376640759, 0.07103358360957417, 0.14685710753826792, 0.1202693336797963, 0.07708821490352659, 0.11260187561662922, 0.08193390182587727, 0.06331780183858325, 0.20141873983232553, 0.2082092641135079, 0.1162058317111342, 0.06964643079038366, 0.056243409852475945, 0.12203062739530575, 0.09267842255467806, 0.13695497786226166, 0.08432342068707022, 0.10573038108424378, 0.08256902372781376, 0.045357649992210924, 0.02789536781741457, 0.03703857309051405, 0.16795885635362476, 0.1273007843630004, 0.08352160902990824, 0.11452586365988261, 0.0786006208643598, 0.06575515204356765, 0.09617952533518681, 0.13251621087676535, 0.08619054582137381, 0.14402683043898537, 0.09419633133125356, 0.06893267793747868, 0.07707043402894452, 0.09080768424124462, 0.08383177896092218, 0.23648815176019286, 0.29793525526343534, 0.20932791738729814, 0.06542357883672603, 0.058861449846587165, 0.08512741295389965, 0.2656269948023978, 0.10737638991887177, 0.056695454261572624, 0.2040212907799246, 0.17860436877759733, 0.007849151243185188, 0.18876704075086284, 0.16360802223897558, 0.1427878335514372, 0.04360893783004561, 0.17919066142138934, 0.15617450578525344, 0.01562557787995416, 0.16319783429195397, 0.0756214145065762, 0.16176509168380288, 0.1820086377324922, 0.11611912117060763, 0.10497408543621976, 0.20548013307065247, 0.21567166768609167, 0.15651225530782908, 0.23881200181611312, 0.2327334997452034, 0.13677591372640163, 0.19854671043293096, 0.183634367504714], [0.2081243933343662, 0.2573823983340723, 0.1706247159048525, 0.24951324556723958, 0.17520425282572413, 0.23161915455277945, 0.20742987330147225, 0.24156027326434576, 0.23704128720788054, 0.20130922292910644, 0.24877492790171368, 0.3814639410708393, 0.2863360435474909, 0.2223743168003913, 0.29363273404237167, 0.2976901925787612, 0.2709693101609858, 0.0, 0.20772247231920946, 0.19520940614207247, 0.15669378014339838, 0.05372724960642325, 0.16432539429296844, 0.14424205134031023, 0.004442098263979728, 0.18961783508588143, 0.10223404881750542, 0.18261399453539737, 0.2010713413936225, 0.18577364233354302, 0.2604866634065827, 0.2366206521429121, 0.30829976857583585, 0.27101847450117067, 0.2515320028523712, 0.2726539034117118, 0.32354225827858063, 0.2086416088663142, 0.20014969018856288, 0.16985142431051128, 0.2788406492439902, 0.27824208227926095, 0.24367621118867383, 0.2463186837749005, 0.24329809894063, 0.282230387571612, 0.2495571724016863, 0.3032954655086688, 0.27441459600955886, 0.22561916750272967, 0.25886307678942905, 0.26827746137931463, 0.24723429225065235, 0.29487273514365003, 0.24169345126199268, 0.23719495283822634, 0.263913624161932, 0.23910985591842795, 0.17692176337776575, 0.29084756493340713, 0.22695358026065987, 0.26448145694156655, 0.3131872789126229, 0.22628340365287608, 0.22982723681502823, 0.22704389729133914, 0.23649955384369917, 0.48885773544825195, 0.4345384196164958, 0.34976305165967725, 0.20753066640404033, 0.22176292027764427, 0.3094588359465572, 0.42378347422614665, 0.3601699145789863, 0.30635619048318025, 0.3521435752539983, 0.2462461264628577, 0.2657463083136515, 0.32724987071448347, 0.316502612733079, 0.19164141717443897, 0.29315001449621214, 0.38417834658418026, 0.40642570821344526, 0.28641871481297665, 0.4068221701695368, 0.1966617407624266, 0.177440251877634, 0.16996235239712143, 0.1689325629170834, 0.16847172823555367, 0.09019650013747943, 0.09033312114530573, 0.1475512637739122, 0.04507365186486493, 0.12084693640023028, 0.17500646481327747, 0.08204232843498696, 0.18954537235626367], [0.015934455073934307, 0.12508765222547288, 0.10200375599913779, 0.11918003449502917, 0.07458581104537307, 0.10181594373536165, 0.02070893287516648, 0.05246148760154785, 0.09409233029267809, 0.05559594086230123, 0.11441585932732681, 0.20061795976032232, 0.1200807420157826, 0.12341306221923518, 0.14062230569795509, 0.14932199113462863, 0.14056493055896857, 0.20772247231920946, 0.0, 0.03523047269840146, 0.10804347186396698, 0.21396476461447972, 0.1515747675902315, 0.2441142624941372, 0.20622985051973275, 0.2700018243669564, 0.1055319855206487, 0.062382989172167044, 0.026059442895075866, 0.02735148670839429, 0.059562451479304876, 0.07014861109823545, 0.10106033786598777, 0.06664588422655442, 0.0716678114124728, 0.0707613964526672, 0.14268422399225972, 0.11954360348724018, 0.06102988493606866, 0.07408650947987487, 0.07592460955382309, 0.0977598139793916, 0.08495598292238486, 0.0416024884871934, 0.05541538480431435, 0.07503813877329016, 0.0652810430262709, 0.10595748634750697, 0.08658395636073647, 0.11662481049765475, 0.11351091745506628, 0.11133151581663181, 0.04776534353439988, 0.0899170592415566, 0.06137540156206346, 0.036946675734213334, 0.07965232620998068, 0.07543781005700279, 0.0897723517260097, 0.08462086858405478, 0.05452904491615987, 0.056795204225309606, 0.12256313669894506, 0.0721789087161307, 0.06356091855755372, 0.05018531111411541, 0.05891563774777368, 0.29507991804143024, 0.23517063479207856, 0.14484928347770343, 0.1233007887183775, 0.1412904407890474, 0.12286220971840947, 0.21883747935341924, 0.1788847625853387, 0.13741715195657592, 0.14603711440238173, 0.053357411818976394, 0.14168256866813123, 0.12129776121025343, 0.10879833711667494, 0.01616852402410979, 0.1304421179058852, 0.17877277745572495, 0.2169345034910019, 0.15285109054861648, 0.21312148408214857, 0.11925885820215731, 0.21050567672307607, 0.22407557859321198, 0.15017888306008312, 0.08884451037289226, 0.11832007849252495, 0.12176508114055254, 0.060788493759044784, 0.16358391354251628, 0.11618706193625572, 0.03643355516792205, 0.1267022113367246, 0.044988989837752846], [0.05002728908770293, 0.09773639223482977, 0.06755401493563766, 0.09085718682187822, 0.04038205426764044, 0.07167947885737765, 0.0177424902042979, 0.04647259590477418, 0.06667785028966475, 0.022091061003534154, 0.08668258865477464, 0.2335024789628294, 0.15524855576022958, 0.08993380284999253, 0.12043832641891097, 0.12810466346710675, 0.11387002145394304, 0.19520940614207247, 0.03523047269840146, 0.0, 0.07505782584160788, 0.21018185258230515, 0.11751220128281821, 0.2138049002457421, 0.19305434897620674, 0.23723654346842782, 0.09655103037783223, 0.02766327635169659, 0.05698641366206967, 0.04782619462088773, 0.06605641232419829